0 587183 1 2 1
1 919905 3 3 1
2 625100 3 1 1
3 875288 2 2 1
0 317477 3 4 1
1 159108 2 2 1
0 484788 1 2 1
1 715609 3 4 1
2 729307 1 4 1
3 403644 1 4 1
0 668028 2 3 1
1 383749 2 3 4
2 645105 1 2 4
0 346405 1 3 2
1 781353 1 1 1
2 813841 3 3 1
0 386796 3 3 4
1 347056 3 2 2
2 564192 2 2 1
0 989698 2 3 3
1 547514 3 1 1
2 307172 2 2 1
3 138726 2 2 4
4 924959 3 3 1
0 643549 3 4 1
1 158616 3 1 3
2 734367 3 4 4
0 541154 3 4 3
1 854320 2 2 1
2 922221 1 3 2
0 926254 2 4 1
1 546373 1 4 4
0 208004 2 4 4
1 992381 3 3 4
2 858930 3 1 3
3 292927 1 2 4
4 420436 3 2 3
5 660107 2 2 4
6 539955 2 2 2
0 786381 1 4 4
1 489985 1 1 4
0 121475 3 1 4
1 467286 2 3 4
2 239244 1 4 2
3 109536 2 1 2
4 963290 1 4 4
0 750329 3 4 1
1 343940 1 3 4
2 321394 3 3 1
3 138230 3 1 2
4 345919 2 2 3
5 722187 1 3 4
6 485725 3 1 1
7 171176 1 4 3
8 693408 1 1 1
9 357924 2 2 3
0 278700 1 2 4
1 126792 2 1 4
2 196570 3 2 1
3 907109 1 1 4
4 860561 1 1 4
0 228223 3 4 4
1 647741 2 4 1
2 199507 3 1 4
3 675311 2 4 2
4 996481 1 4 1
5 418184 2 4 1
6 280076 3 4 1
7 860990 3 1 3
8 234993 3 4 3
9 953112 1 4 2
